46077935743
42917423048
94740911027
53976371734
17199618166
93585122531
98796705078
81985018276
04120180638
36634385386
26438682853
93734727391
44276521742
60709158106
47678480598
34481984120
97959353646
78044819932
00781128501
79203043268
94491501769
98757020647
96308471089
67498361604
32311714317
47060777962
64271711861
82903898928
66505347305
87009732388
05814151323
45911006693
01780434944
80432823824
16217140551
84552144065
08553015033
65368541449
10361282702
37595744164
87936790926
96098590621
81349431796
10829288287
28261980170
94184911099
40973455241
51773066072
09749771109
92205450719
92841114635
03752068418
11245701100
78645118807
93043164563
02591097895
07630773137
39866247082
80338778985
17790130277
41509929754
13868805230
38692265012
60862255597
56880095780
05516394074
25589281040
65512544039
59168111525
23754093614
82513746260
41088512003
20871424592
78298752511
10922277257
23348083850
24650555345
78149999108
02039721479
98152717681
45245450690
98290227655
15297983371
11710696184
21035677229
38379971973
53968412575
32912523656
62857389558
59822085583
67442035094
35151933167
59688880752
48417020322
84217538359
68847671116
24319138210
47641282415
71587620413
20628521936
